Year MO DY HR MN BOUH
2013 04 02 00 00 20819.61
2013 04 02 00 01 20819.40
2013 04 02 00 02 20819.38
2013 04 02 00 03 20819.09
2013 04 02 00 04 20819.45
2013 04 02 00 05 20819.84
2013 04 02 00 06 20820.05
2013 04 02 00 07 20819.93
2013 04 02 00 08 20819.93
2013 04 02 00 09 20819.45
2013 04 02 00 10 20819.09
2013 04 02 00 11 20819.10
2013 04 02 00 12 20818.82
2013 04 02 00 13 20818.78
2013 04 02 00 14 20818.74
2013 04 02 00 15 20818.43
2013 04 02 00 16 20818.08
2013 04 02 00 17 20817.69
2013 04 02 00 18 20817.50
2013 04 02 00 19 20817.36
2013 04 02 00 20 20817.07
2013 04 02 00 21 20816.77
2013 04 02 00 22 20816.58
2013 04 02 00 23 20816.40
2013 04 02 00 24 20816.31
2013 04 02 00 25 20816.38
2013 04 02 00 26 20816.20
2013 04 02 00 27 20815.95
2013 04 02 00 28 20815.78
2013 04 02 00 29 20815.67
2013 04 02 00 30 20815.77
2013 04 02 00 31 20815.63
2013 04 02 00 32 20815.53
2013 04 02 00 33 20815.43
2013 04 02 00 34 20815.33
2013 04 02 00 35 20815.42
2013 04 02 00 36 20815.30
2013 04 02 00 37 20815.01
2013 04 02 00 38 20814.94
2013 04 02 00 39 20814.82
2013 04 02 00 40 20814.72
2013 04 02 00 41 20814.62
2013 04 02 00 42 20814.72
2013 04 02 00 43 20814.57
2013 04 02 00 44 20814.48
2013 04 02 00 45 20814.53
2013 04 02 00 46 20814.53
2013 04 02 00 47 20814.59
2013 04 02 00 48 20814.54
2013 04 02 00 49 20814.36
2013 04 02 00 50 20814.31
2013 04 02 00 51 20814.52
2013 04 02 00 52 20814.43
2013 04 02 00 53 20814.59
2013 04 02 00 54 20813.89
2013 04 02 00 55 20813.83
2013 04 02 00 56 20813.52
2013 04 02 00 57 20813.33
2013 04 02 00 58 20813.47
2013 04 02 00 59 20813.21
2013 04 02 01 00 20812.62
2013 04 02 01 01 20812.45
2013 04 02 01 02 20812.05
2013 04 02 01 03 20812.00
2013 04 02 01 04 20812.13
2013 04 02 01 05 20812.05
2013 04 02 01 06 20812.24
2013 04 02 01 07 20812.09
2013 04 02 01 08 20811.93
2013 04 02 01 09 20811.88
2013 04 02 01 10 20812.12
2013 04 02 01 11 20812.25
2013 04 02 01 12 20812.34
2013 04 02 01 13 20812.50
2013 04 02 01 14 20812.42
2013 04 02 01 15 20812.20
2013 04 02 01 16 20812.38
2013 04 02 01 17 20812.40
2013 04 02 01 18 20812.33
2013 04 02 01 19 20812.42
2013 04 02 01 20 20812.65
2013 04 02 01 21 20812.80
2013 04 02 01 22 20812.79
2013 04 02 01 23 20812.72
2013 04 02 01 24 20812.60
2013 04 02 01 25 20812.38
2013 04 02 01 26 20812.35
2013 04 02 01 27 20812.33
2013 04 02 01 28 20812.50
2013 04 02 01 29 20812.50
2013 04 02 01 30 20812.40
2013 04 02 01 31 20812.37
2013 04 02 01 32 20812.29
2013 04 02 01 33 20812.34
2013 04 02 01 34 20812.49
2013 04 02 01 35 20812.52
2013 04 02 01 36 20812.54
2013 04 02 01 37 20812.53
2013 04 02 01 38 20812.47
2013 04 02 01 39 20812.49
2013 04 02 01 40 20812.48
2013 04 02 01 41 20812.34
2013 04 02 01 42 20812.16
2013 04 02 01 43 20812.52
2013 04 02 01 44 20811.81
2013 04 02 01 45 20811.38
2013 04 02 01 46 20811.31
2013 04 02 01 47 20811.32
2013 04 02 01 48 20811.23
2013 04 02 01 49 20811.07
2013 04 02 01 50 20810.74
2013 04 02 01 51 20810.56
2013 04 02 01 52 20810.30
2013 04 02 01 53 20810.02
2013 04 02 01 54 20810.05
2013 04 02 01 55 20808.82
2013 04 02 01 56 20809.19
2013 04 02 01 57 20809.05
2013 04 02 01 58 20809.11
2013 04 02 01 59 20808.95
2013 04 02 02 00 20808.93
2013 04 02 02 01 20808.95
2013 04 02 02 02 20809.21
2013 04 02 02 03 20809.09
2013 04 02 02 04 20808.86
2013 04 02 02 05 20808.69
2013 04 02 02 06 20808.89
2013 04 02 02 07 20808.97
2013 04 02 02 08 20808.78
2013 04 02 02 09 20808.72
2013 04 02 02 10 20808.99
2013 04 02 02 11 20809.33
2013 04 02 02 12 20809.47
2013 04 02 02 13 20809.64
2013 04 02 02 14 20809.98
2013 04 02 02 15 20810.38
2013 04 02 02 16 20810.54
2013 04 02 02 17 20811.01
2013 04 02 02 18 20811.05
2013 04 02 02 19 20811.12
2013 04 02 02 20 20811.51
2013 04 02 02 21 20811.88
2013 04 02 02 22 20812.12
2013 04 02 02 23 20812.51
2013 04 02 02 24 20812.38
2013 04 02 02 25 20812.40
2013 04 02 02 26 20812.63
2013 04 02 02 27 20812.97
2013 04 02 02 28 20813.39
2013 04 02 02 29 20813.83
2013 04 02 02 30 20814.03
2013 04 02 02 31 20814.37
2013 04 02 02 32 20814.78
2013 04 02 02 33 20815.17
2013 04 02 02 34 20815.38
2013 04 02 02 35 20815.75
2013 04 02 02 36 20815.71
2013 04 02 02 37 20815.88
2013 04 02 02 38 20815.96
2013 04 02 02 39 20816.35
2013 04 02 02 40 20816.27
2013 04 02 02 41 20816.35
2013 04 02 02 42 20816.17
2013 04 02 02 43 20816.17
2013 04 02 02 44 20816.26
2013 04 02 02 45 20816.53
2013 04 02 02 46 20816.74
2013 04 02 02 47 20816.76
2013 04 02 02 48 20816.56
2013 04 02 02 49 20816.34
2013 04 02 02 50 20816.08
2013 04 02 02 51 20816.02
2013 04 02 02 52 20816.14
2013 04 02 02 53 20815.98
2013 04 02 02 54 20815.84
2013 04 02 02 55 20816.01
2013 04 02 02 56 20816.18
2013 04 02 02 57 20816.39
2013 04 02 02 58 20816.53
2013 04 02 02 59 20816.74
2013 04 02 03 00 20816.87
2013 04 02 03 01 20817.17
2013 04 02 03 02 20817.01
2013 04 02 03 03 20816.87
2013 04 02 03 04 20817.14
2013 04 02 03 05 20816.90
2013 04 02 03 06 20817.07
2013 04 02 03 07 20817.17
2013 04 02 03 08 20817.25
2013 04 02 03 09 20817.24
2013 04 02 03 10 20817.26
2013 04 02 03 11 20817.05
2013 04 02 03 12 20817.12
2013 04 02 03 13 20816.72
2013 04 02 03 14 20816.67
2013 04 02 03 15 20816.61
2013 04 02 03 16 20816.31
2013 04 02 03 17 20816.30
2013 04 02 03 18 20816.29
2013 04 02 03 19 20816.29
2013 04 02 03 20 20816.23
2013 04 02 03 21 20816.10
2013 04 02 03 22 20815.95
2013 04 02 03 23 20815.85
2013 04 02 03 24 20815.56
2013 04 02 03 25 20815.35
2013 04 02 03 26 20815.17
2013 04 02 03 27 20815.18
2013 04 02 03 28 20815.18
2013 04 02 03 29 20815.21
2013 04 02 03 30 20815.31
2013 04 02 03 31 20815.31
2013 04 02 03 32 20815.51
2013 04 02 03 33 20815.53
2013 04 02 03 34 20815.36
2013 04 02 03 35 20815.11
2013 04 02 03 36 20814.94
2013 04 02 03 37 20814.76
2013 04 02 03 38 20814.30
2013 04 02 03 39 20813.98
2013 04 02 03 40 20813.86
2013 04 02 03 41 20813.90
2013 04 02 03 42 20813.88
2013 04 02 03 43 20813.79
2013 04 02 03 44 20813.74
2013 04 02 03 45 20813.61
2013 04 02 03 46 20813.40
2013 04 02 03 47 20813.19
2013 04 02 03 48 20813.14
2013 04 02 03 49 20813.22
2013 04 02 03 50 20813.31
2013 04 02 03 51 20813.28
2013 04 02 03 52 20813.35
2013 04 02 03 53 20813.48
2013 04 02 03 54 20813.48
2013 04 02 03 55 20813.54
2013 04 02 03 56 20813.70
2013 04 02 03 57 20813.72
2013 04 02 03 58 20813.56
2013 04 02 03 59 20813.49
2013 04 02 04 00 20813.49
2013 04 02 04 01 20813.37
2013 04 02 04 02 20813.25
2013 04 02 04 03 20813.06
2013 04 02 04 04 20812.86
2013 04 02 04 05 20812.77
2013 04 02 04 06 20812.76
2013 04 02 04 07 20812.83
2013 04 02 04 08 20812.78
2013 04 02 04 09 20812.76
2013 04 02 04 10 20812.86
2013 04 02 04 11 20812.83
2013 04 02 04 12 20812.87
2013 04 02 04 13 20812.92
2013 04 02 04 14 20813.01
2013 04 02 04 15 20813.14
2013 04 02 04 16 20813.38
2013 04 02 04 17 20813.54
2013 04 02 04 18 20813.65
2013 04 02 04 19 20813.59
2013 04 02 04 20 20813.53
2013 04 02 04 21 20813.63
2013 04 02 04 22 20813.61
2013 04 02 04 23 20813.55
2013 04 02 04 24 20813.39
2013 04 02 04 25 20813.31
2013 04 02 04 26 20813.31
2013 04 02 04 27 20813.42
2013 04 02 04 28 20813.50
2013 04 02 04 29 20813.51
2013 04 02 04 30 20813.72
2013 04 02 04 31 20813.89
2013 04 02 04 32 20814.07
2013 04 02 04 33 20814.31
2013 04 02 04 34 20814.68
2013 04 02 04 35 20814.88
2013 04 02 04 36 20814.98
2013 04 02 04 37 20815.42
2013 04 02 04 38 20815.58
2013 04 02 04 39 20815.55
2013 04 02 04 40 20815.69
2013 04 02 04 41 20815.72
2013 04 02 04 42 20815.71
2013 04 02 04 43 20815.65
2013 04 02 04 44 20815.52
2013 04 02 04 45 20815.51
2013 04 02 04 46 20815.57
2013 04 02 04 47 20815.78
2013 04 02 04 48 20815.94
2013 04 02 04 49 20815.92
2013 04 02 04 50 20816.04
2013 04 02 04 51 20815.85
2013 04 02 04 52 20815.68
2013 04 02 04 53 20815.40
2013 04 02 04 54 20815.18
2013 04 02 04 55 20814.83
2013 04 02 04 56 20814.56
2013 04 02 04 57 20814.55
2013 04 02 04 58 20814.54
2013 04 02 04 59 20814.39
2013 04 02 05 00 20814.29
2013 04 02 05 01 20813.97
2013 04 02 05 02 20813.92
2013 04 02 05 03 20814.13
2013 04 02 05 04 20814.23
2013 04 02 05 05 20814.29
2013 04 02 05 06 20814.33
2013 04 02 05 07 20814.26
2013 04 02 05 08 20814.24
2013 04 02 05 09 20814.36
2013 04 02 05 10 20814.49
2013 04 02 05 11 20814.44
2013 04 02 05 12 20814.44
2013 04 02 05 13 20814.51
2013 04 02 05 14 20814.54
2013 04 02 05 15 20814.55
2013 04 02 05 16 20814.49
2013 04 02 05 17 20814.51
2013 04 02 05 18 20814.69
2013 04 02 05 19 20814.93
2013 04 02 05 20 20815.18
2013 04 02 05 21 20815.40
2013 04 02 05 22 20815.43
2013 04 02 05 23 20815.46
2013 04 02 05 24 20815.61
2013 04 02 05 25 20815.88
2013 04 02 05 26 20816.09
2013 04 02 05 27 20815.91
2013 04 02 05 28 20815.86
2013 04 02 05 29 20815.78
2013 04 02 05 30 20815.71
2013 04 02 05 31 20815.70
2013 04 02 05 32 20815.74
2013 04 02 05 33 20815.75
2013 04 02 05 34 20815.69
2013 04 02 05 35 20815.52
2013 04 02 05 36 20815.42
2013 04 02 05 37 20815.61
2013 04 02 05 38 20815.71
2013 04 02 05 39 20815.62
2013 04 02 05 40 20815.52
2013 04 02 05 41 20815.45
2013 04 02 05 42 20815.34
2013 04 02 05 43 20815.33
2013 04 02 05 44 20815.33
2013 04 02 05 45 20815.38
2013 04 02 05 46 20815.42
2013 04 02 05 47 20815.53
2013 04 02 05 48 20815.69
2013 04 02 05 49 20815.70
2013 04 02 05 50 20815.48
2013 04 02 05 51 20815.49
2013 04 02 05 52 20815.36
2013 04 02 05 53 20815.23
2013 04 02 05 54 20815.18
2013 04 02 05 55 20815.17
2013 04 02 05 56 20815.15
2013 04 02 05 57 20815.01
2013 04 02 05 58 20814.74
2013 04 02 05 59 20814.45
2013 04 02 06 00 20814.45
2013 04 02 06 01 20814.47
2013 04 02 06 02 20814.56
2013 04 02 06 03 20814.93
2013 04 02 06 04 20814.82
2013 04 02 06 05 20814.55
2013 04 02 06 06 20814.36
2013 04 02 06 07 20814.10
2013 04 02 06 08 20814.15
2013 04 02 06 09 20814.04
2013 04 02 06 10 20813.96
2013 04 02 06 11 20814.06
2013 04 02 06 12 20813.95
2013 04 02 06 13 20813.98
2013 04 02 06 14 20814.06
2013 04 02 06 15 20814.10
2013 04 02 06 16 20814.20
2013 04 02 06 17 20814.30
2013 04 02 06 18 20814.39
2013 04 02 06 19 20814.70
2013 04 02 06 20 20814.90
2013 04 02 06 21 20814.93
2013 04 02 06 22 20815.28
2013 04 02 06 23 20815.56
2013 04 02 06 24 20815.89
2013 04 02 06 25 20816.06
2013 04 02 06 26 20816.13
2013 04 02 06 27 20816.07
2013 04 02 06 28 20816.16
2013 04 02 06 29 20816.05
2013 04 02 06 30 20816.08
2013 04 02 06 31 20816.03
2013 04 02 06 32 20815.96
2013 04 02 06 33 20815.93
2013 04 02 06 34 20815.84
2013 04 02 06 35 20815.78
2013 04 02 06 36 20815.63
2013 04 02 06 37 20815.41
2013 04 02 06 38 20815.26
2013 04 02 06 39 20815.10
2013 04 02 06 40 20814.96
2013 04 02 06 41 20814.96
2013 04 02 06 42 20815.00
2013 04 02 06 43 20814.97
2013 04 02 06 44 20814.85
2013 04 02 06 45 20814.76
2013 04 02 06 46 20814.61
2013 04 02 06 47 20814.71
2013 04 02 06 48 20814.88
2013 04 02 06 49 20814.90
2013 04 02 06 50 20814.94
2013 04 02 06 51 20814.85
2013 04 02 06 52 20814.85
2013 04 02 06 53 20814.77
2013 04 02 06 54 20814.85
2013 04 02 06 55 20814.93
2013 04 02 06 56 20814.93
2013 04 02 06 57 20815.00
2013 04 02 06 58 20815.15
2013 04 02 06 59 20815.22
2013 04 02 07 00 20815.47
2013 04 02 07 01 20815.47
2013 04 02 07 02 20815.51
2013 04 02 07 03 20815.60
2013 04 02 07 04 20815.62
2013 04 02 07 05 20815.62
2013 04 02 07 06 20815.73
2013 04 02 07 07 20815.81
2013 04 02 07 08 20815.75
2013 04 02 07 09 20815.80
2013 04 02 07 10 20815.85
2013 04 02 07 11 20816.02
2013 04 02 07 12 20816.13
2013 04 02 07 13 20816.13
2013 04 02 07 14 20816.23
2013 04 02 07 15 20816.33
2013 04 02 07 16 20816.37
2013 04 02 07 17 20816.32
2013 04 02 07 18 20816.22
2013 04 02 07 19 20816.19
2013 04 02 07 20 20816.12
2013 04 02 07 21 20816.04
2013 04 02 07 22 20815.92
2013 04 02 07 23 20815.79
2013 04 02 07 24 20815.71
2013 04 02 07 25 20815.60
2013 04 02 07 26 20815.54
2013 04 02 07 27 20815.55
2013 04 02 07 28 20815.54
2013 04 02 07 29 20815.49
2013 04 02 07 30 20815.45
2013 04 02 07 31 20815.49
2013 04 02 07 32 20815.59
2013 04 02 07 33 20815.69
2013 04 02 07 34 20815.74
2013 04 02 07 35 20815.77
2013 04 02 07 36 20815.73
2013 04 02 07 37 20815.69
2013 04 02 07 38 20815.66
2013 04 02 07 39 20815.65
2013 04 02 07 40 20815.62
2013 04 02 07 41 20815.67
2013 04 02 07 42 20815.74
2013 04 02 07 43 20815.81
2013 04 02 07 44 20815.92
2013 04 02 07 45 20815.99
2013 04 02 07 46 20815.99
2013 04 02 07 47 20815.99
2013 04 02 07 48 20816.17
2013 04 02 07 49 20816.35
2013 04 02 07 50 20816.49
2013 04 02 07 51 20816.67
2013 04 02 07 52 20816.77
2013 04 02 07 53 20816.76
2013 04 02 07 54 20816.75
2013 04 02 07 55 20816.76
2013 04 02 07 56 20816.83
2013 04 02 07 57 20816.84
2013 04 02 07 58 20816.79
2013 04 02 07 59 20816.81
2013 04 02 08 00 20816.77
2013 04 02 08 01 20816.79
2013 04 02 08 02 20816.80
2013 04 02 08 03 20816.73
2013 04 02 08 04 20816.63
2013 04 02 08 05 20816.63
2013 04 02 08 06 20816.69
2013 04 02 08 07 20816.74
2013 04 02 08 08 20816.78
2013 04 02 08 09 20816.76
2013 04 02 08 10 20816.70
2013 04 02 08 11 20816.68
2013 04 02 08 12 20816.68
2013 04 02 08 13 20816.70
2013 04 02 08 14 20816.77
2013 04 02 08 15 20816.86
2013 04 02 08 16 20816.94
2013 04 02 08 17 20817.03
2013 04 02 08 18 20817.19
2013 04 02 08 19 20817.20
2013 04 02 08 20 20817.18
2013 04 02 08 21 20817.20
2013 04 02 08 22 20817.19
2013 04 02 08 23 20817.11
2013 04 02 08 24 20817.06
2013 04 02 08 25 20816.98
2013 04 02 08 26 20816.88
2013 04 02 08 27 20816.83
2013 04 02 08 28 20816.77
2013 04 02 08 29 20816.78
2013 04 02 08 30 20816.83
2013 04 02 08 31 20816.85
2013 04 02 08 32 20816.95
2013 04 02 08 33 20817.05
2013 04 02 08 34 20817.11
2013 04 02 08 35 20817.16
2013 04 02 08 36 20817.19
2013 04 02 08 37 20817.23
2013 04 02 08 38 20817.27
2013 04 02 08 39 20817.24
2013 04 02 08 40 20817.17
2013 04 02 08 41 20817.09
2013 04 02 08 42 20817.06
2013 04 02 08 43 20817.04
2013 04 02 08 44 20816.99
2013 04 02 08 45 20816.96
2013 04 02 08 46 20816.95
2013 04 02 08 47 20816.94
2013 04 02 08 48 20816.90
2013 04 02 08 49 20816.89
2013 04 02 08 50 20816.85
2013 04 02 08 51 20816.89
2013 04 02 08 52 20816.90
2013 04 02 08 53 20816.89
2013 04 02 08 54 20816.92
2013 04 02 08 55 20816.94
2013 04 02 08 56 20817.01
2013 04 02 08 57 20817.09
2013 04 02 08 58 20817.14
2013 04 02 08 59 20817.21
2013 04 02 09 00 20817.23
2013 04 02 09 01 20817.22
2013 04 02 09 02 20817.23
2013 04 02 09 03 20817.26
2013 04 02 09 04 20817.21
2013 04 02 09 05 20817.22
2013 04 02 09 06 20817.28
2013 04 02 09 07 20817.26
2013 04 02 09 08 20817.33
2013 04 02 09 09 20817.36
2013 04 02 09 10 20817.35
2013 04 02 09 11 20817.25
2013 04 02 09 12 20817.25
2013 04 02 09 13 20817.29
2013 04 02 09 14 20817.35
2013 04 02 09 15 20817.38
2013 04 02 09 16 20817.28
2013 04 02 09 17 20817.20
2013 04 02 09 18 20817.19
2013 04 02 09 19 20817.07
2013 04 02 09 20 20817.00
2013 04 02 09 21 20817.06
2013 04 02 09 22 20817.13
2013 04 02 09 23 20817.21
2013 04 02 09 24 20817.23
2013 04 02 09 25 20817.19
2013 04 02 09 26 20817.07
2013 04 02 09 27 20817.04
2013 04 02 09 28 20817.01
2013 04 02 09 29 20816.98
2013 04 02 09 30 20817.02
2013 04 02 09 31 20817.08
2013 04 02 09 32 20817.12
2013 04 02 09 33 20817.09
2013 04 02 09 34 20817.06
2013 04 02 09 35 20817.09
2013 04 02 09 36 20817.11
2013 04 02 09 37 20817.11
2013 04 02 09 38 20817.14
2013 04 02 09 39 20817.22
2013 04 02 09 40 20817.23
2013 04 02 09 41 20817.23
2013 04 02 09 42 20817.27
2013 04 02 09 43 20817.35
2013 04 02 09 44 20817.35
2013 04 02 09 45 20817.33
2013 04 02 09 46 20817.37
2013 04 02 09 47 20817.46
2013 04 02 09 48 20817.44
2013 04 02 09 49 20817.49
2013 04 02 09 50 20817.48
2013 04 02 09 51 20817.54
2013 04 02 09 52 20817.61
2013 04 02 09 53 20817.66
2013 04 02 09 54 20817.71
2013 04 02 09 55 20817.75
2013 04 02 09 56 20817.79
2013 04 02 09 57 20817.90
2013 04 02 09 58 20817.96
2013 04 02 09 59 20818.08
2013 04 02 10 00 20818.07
2013 04 02 10 01 20818.10
2013 04 02 10 02 20818.11
2013 04 02 10 03 20818.17
2013 04 02 10 04 20818.19
2013 04 02 10 05 20818.26
2013 04 02 10 06 20818.26
2013 04 02 10 07 20818.26
2013 04 02 10 08 20818.26
2013 04 02 10 09 20818.30
2013 04 02 10 10 20818.31
2013 04 02 10 11 20818.34
2013 04 02 10 12 20818.38
2013 04 02 10 13 20818.49
2013 04 02 10 14 20818.58
2013 04 02 10 15 20818.49
2013 04 02 10 16 20818.47
2013 04 02 10 17 20818.59
2013 04 02 10 18 20818.55
2013 04 02 10 19 20818.50
2013 04 02 10 20 20818.57
2013 04 02 10 21 20818.53
2013 04 02 10 22 20818.49
2013 04 02 10 23 20818.54
2013 04 02 10 24 20818.52
2013 04 02 10 25 20818.43
2013 04 02 10 26 20818.46
2013 04 02 10 27 20818.39
2013 04 02 10 28 20818.30
2013 04 02 10 29 20818.29
2013 04 02 10 30 20818.34
2013 04 02 10 31 20818.39
2013 04 02 10 32 20818.38
2013 04 02 10 33 20818.19
2013 04 02 10 34 20818.33
2013 04 02 10 35 20818.25
2013 04 02 10 36 20818.18
2013 04 02 10 37 20818.09
2013 04 02 10 38 20818.08
2013 04 02 10 39 20818.02
2013 04 02 10 40 20818.01
2013 04 02 10 41 20818.03
2013 04 02 10 42 20818.20
2013 04 02 10 43 20818.16
2013 04 02 10 44 20818.01
2013 04 02 10 45 20818.14
2013 04 02 10 46 20818.17
2013 04 02 10 47 20818.18
2013 04 02 10 48 20818.15
2013 04 02 10 49 20818.10
2013 04 02 10 50 20818.04
2013 04 02 10 51 20817.95
2013 04 02 10 52 20817.97
2013 04 02 10 53 20817.96
2013 04 02 10 54 20817.98
2013 04 02 10 55 20817.87
2013 04 02 10 56 20817.86
2013 04 02 10 57 20817.90
2013 04 02 10 58 20817.86
2013 04 02 10 59 20817.81
2013 04 02 11 00 20817.72
2013 04 02 11 01 20817.66
2013 04 02 11 02 20817.72
2013 04 02 11 03 20817.81
2013 04 02 11 04 20817.80
2013 04 02 11 05 20817.76
2013 04 02 11 06 20817.80
2013 04 02 11 07 20817.77
2013 04 02 11 08 20817.73
2013 04 02 11 09 20817.66
2013 04 02 11 10 20817.64
2013 04 02 11 11 20817.64
2013 04 02 11 12 20817.69
2013 04 02 11 13 20817.54
2013 04 02 11 14 20817.57
2013 04 02 11 15 20817.51
2013 04 02 11 16 20817.56
2013 04 02 11 17 20817.53
2013 04 02 11 18 20817.50
2013 04 02 11 19 20817.73
2013 04 02 11 20 20817.87
2013 04 02 11 21 20817.81
2013 04 02 11 22 20817.90
2013 04 02 11 23 20817.96
2013 04 02 11 24 20817.98
2013 04 02 11 25 20818.03
2013 04 02 11 26 20818.13
2013 04 02 11 27 20818.16
2013 04 02 11 28 20818.18
2013 04 02 11 29 20818.22
2013 04 02 11 30 20818.09
2013 04 02 11 31 20818.12
2013 04 02 11 32 20818.28
2013 04 02 11 33 20818.22
2013 04 02 11 34 20818.31
2013 04 02 11 35 20818.30
2013 04 02 11 36 20818.36
2013 04 02 11 37 20818.38
2013 04 02 11 38 20818.38
2013 04 02 11 39 20818.33
2013 04 02 11 40 20818.39
2013 04 02 11 41 20818.38
2013 04 02 11 42 20818.47
2013 04 02 11 43 20818.38
2013 04 02 11 44 20818.45
2013 04 02 11 45 20818.56
2013 04 02 11 46 20818.69
2013 04 02 11 47 20818.63
2013 04 02 11 48 20818.60
2013 04 02 11 49 20818.54
2013 04 02 11 50 20818.40
2013 04 02 11 51 20818.52
2013 04 02 11 52 20818.49
2013 04 02 11 53 20818.36
2013 04 02 11 54 20818.39
2013 04 02 11 55 20818.31
2013 04 02 11 56 20818.29
2013 04 02 11 57 20818.27
2013 04 02 11 58 20818.22
2013 04 02 11 59 20818.39
2013 04 02 12 00 20818.07
2013 04 02 12 01 20817.79
2013 04 02 12 02 20818.06
2013 04 02 12 03 20818.02
2013 04 02 12 04 20818.09
2013 04 02 12 05 20818.10
2013 04 02 12 06 20817.91
2013 04 02 12 07 20818.06
2013 04 02 12 08 20817.91
2013 04 02 12 09 20817.88
2013 04 02 12 10 20817.74
2013 04 02 12 11 20817.78
2013 04 02 12 12 20818.25
2013 04 02 12 13 20818.31
2013 04 02 12 14 20818.54
2013 04 02 12 15 20818.75
2013 04 02 12 16 20818.57
2013 04 02 12 17 20818.74
2013 04 02 12 18 20819.06
2013 04 02 12 19 20819.07
2013 04 02 12 20 20819.19
2013 04 02 12 21 20819.35
2013 04 02 12 22 20819.54
2013 04 02 12 23 20819.61
2013 04 02 12 24 20819.63
2013 04 02 12 25 20819.76
2013 04 02 12 26 20819.83
2013 04 02 12 27 20819.74
2013 04 02 12 28 20819.73
2013 04 02 12 29 20819.74
2013 04 02 12 30 20819.68
2013 04 02 12 31 20819.67
2013 04 02 12 32 20819.65
2013 04 02 12 33 20819.63
2013 04 02 12 34 20819.51
2013 04 02 12 35 20819.48
2013 04 02 12 36 20819.46
2013 04 02 12 37 20819.35
2013 04 02 12 38 20819.25
2013 04 02 12 39 20819.21
2013 04 02 12 40 20819.15
2013 04 02 12 41 20819.15
2013 04 02 12 42 20819.15
2013 04 02 12 43 20819.12
2013 04 02 12 44 20819.17
2013 04 02 12 45 20819.33
2013 04 02 12 46 20819.22
2013 04 02 12 47 20819.27
2013 04 02 12 48 20819.05
2013 04 02 12 49 20819.12
2013 04 02 12 50 20819.05
2013 04 02 12 51 20818.93
2013 04 02 12 52 20818.79
2013 04 02 12 53 20818.95
2013 04 02 12 54 20819.07
2013 04 02 12 55 20819.15
2013 04 02 12 56 20819.33
2013 04 02 12 57 20819.35
2013 04 02 12 58 20819.31
2013 04 02 12 59 20819.23
2013 04 02 13 00 20819.17
2013 04 02 13 01 20819.10
2013 04 02 13 02 20819.03
2013 04 02 13 03 20819.09
2013 04 02 13 04 20818.95
2013 04 02 13 05 20819.03
2013 04 02 13 06 20819.06
2013 04 02 13 07 20819.11
2013 04 02 13 08 20819.06
2013 04 02 13 09 20819.01
2013 04 02 13 10 20818.87
2013 04 02 13 11 20818.88
2013 04 02 13 12 20818.82
2013 04 02 13 13 20818.84
2013 04 02 13 14 20818.79
2013 04 02 13 15 20818.72
2013 04 02 13 16 20818.63
2013 04 02 13 17 20818.58
2013 04 02 13 18 20818.49
2013 04 02 13 19 20818.45
2013 04 02 13 20 20818.41
2013 04 02 13 21 20818.39
2013 04 02 13 22 20818.37
2013 04 02 13 23 20818.31
2013 04 02 13 24 20818.28
2013 04 02 13 25 20818.17
2013 04 02 13 26 20818.03
2013 04 02 13 27 20817.89
2013 04 02 13 28 20817.85
2013 04 02 13 29 20817.82
2013 04 02 13 30 20817.72
2013 04 02 13 31 20817.54
2013 04 02 13 32 20817.43
2013 04 02 13 33 20817.37
2013 04 02 13 34 20817.26
2013 04 02 13 35 20817.11
2013 04 02 13 36 20817.01
2013 04 02 13 37 20816.90
2013 04 02 13 38 20816.79
2013 04 02 13 39 20816.66
2013 04 02 13 40 20816.49
2013 04 02 13 41 20816.41
2013 04 02 13 42 20816.15
2013 04 02 13 43 20815.92
2013 04 02 13 44 20815.71
2013 04 02 13 45 20815.57
2013 04 02 13 46 20815.25
2013 04 02 13 47 20815.32
2013 04 02 13 48 20815.18
2013 04 02 13 49 20815.05
2013 04 02 13 50 20814.91
2013 04 02 13 51 20814.88
2013 04 02 13 52 20814.73
2013 04 02 13 53 20814.65
2013 04 02 13 54 20814.51
2013 04 02 13 55 20814.31
2013 04 02 13 56 20814.28
2013 04 02 13 57 20814.18
2013 04 02 13 58 20814.07
2013 04 02 13 59 20814.04
2013 04 02 14 00 20813.92
2013 04 02 14 01 20813.84
2013 04 02 14 02 20813.66
2013 04 02 14 03 20813.53
2013 04 02 14 04 20813.41
2013 04 02 14 05 20813.22
2013 04 02 14 06 20813.04
2013 04 02 14 07 20812.81
2013 04 02 14 08 20812.65
2013 04 02 14 09 20812.45
2013 04 02 14 10 20812.24
2013 04 02 14 11 20811.95
2013 04 02 14 12 20811.89
2013 04 02 14 13 20811.78
2013 04 02 14 14 20811.60
2013 04 02 14 15 20811.51
2013 04 02 14 16 20811.35
2013 04 02 14 17 20811.08
2013 04 02 14 18 20811.11
2013 04 02 14 19 20810.92
2013 04 02 14 20 20810.79
2013 04 02 14 21 20810.70
2013 04 02 14 22 20810.40
2013 04 02 14 23 20810.20
2013 04 02 14 24 20810.29
2013 04 02 14 25 20810.07
2013 04 02 14 26 20810.04
2013 04 02 14 27 20809.78
2013 04 02 14 28 20809.50
2013 04 02 14 29 20809.33
2013 04 02 14 30 20809.10
2013 04 02 14 31 20808.95
2013 04 02 14 32 20808.83
2013 04 02 14 33 20808.78
2013 04 02 14 34 20808.47
2013 04 02 14 35 20808.27
2013 04 02 14 36 20808.08
2013 04 02 14 37 20807.81
2013 04 02 14 38 20807.61
2013 04 02 14 39 20807.54
2013 04 02 14 40 20807.54
2013 04 02 14 41 20807.27
2013 04 02 14 42 20807.32
2013 04 02 14 43 20807.16
2013 04 02 14 44 20807.13
2013 04 02 14 45 20807.02
2013 04 02 14 46 20806.76
2013 04 02 14 47 20806.51
2013 04 02 14 48 20806.31
2013 04 02 14 49 20805.97
2013 04 02 14 50 20805.39
2013 04 02 14 51 20804.88
2013 04 02 14 52 20804.42
2013 04 02 14 53 20804.23
2013 04 02 14 54 20803.86
2013 04 02 14 55 20803.89
2013 04 02 14 56 20804.09
2013 04 02 14 57 20803.83
2013 04 02 14 58 20803.65
2013 04 02 14 59 20803.78
2013 04 02 15 00 20803.32
2013 04 02 15 01 20803.02
2013 04 02 15 02 20803.02
2013 04 02 15 03 20802.69
2013 04 02 15 04 20802.43
2013 04 02 15 05 20801.69
2013 04 02 15 06 20801.69
2013 04 02 15 07 20801.30
2013 04 02 15 08 20801.28
2013 04 02 15 09 20801.28
2013 04 02 15 10 20801.24
2013 04 02 15 11 20801.30
2013 04 02 15 12 20801.01
2013 04 02 15 13 20800.82
2013 04 02 15 14 20800.76
2013 04 02 15 15 20800.74
2013 04 02 15 16 20800.51
2013 04 02 15 17 20800.35
2013 04 02 15 18 20800.30
2013 04 02 15 19 20800.21
2013 04 02 15 20 20799.65
2013 04 02 15 21 20799.43
2013 04 02 15 22 20799.28
2013 04 02 15 23 20798.96
2013 04 02 15 24 20799.08
2013 04 02 15 25 20799.04
2013 04 02 15 26 20799.04
2013 04 02 15 27 20799.32
2013 04 02 15 28 20799.37
2013 04 02 15 29 20799.55
2013 04 02 15 30 20799.60
2013 04 02 15 31 20799.72
2013 04 02 15 32 20799.66
2013 04 02 15 33 20799.59
2013 04 02 15 34 20799.41
2013 04 02 15 35 20799.17
2013 04 02 15 36 20798.99
2013 04 02 15 37 20798.88
2013 04 02 15 38 20798.62
2013 04 02 15 39 20798.61
2013 04 02 15 40 20798.91
2013 04 02 15 41 20798.62
2013 04 02 15 42 20798.50
2013 04 02 15 43 20798.20
2013 04 02 15 44 20797.95
2013 04 02 15 45 20798.05
2013 04 02 15 46 20797.75
2013 04 02 15 47 20797.87
2013 04 02 15 48 20797.43
2013 04 02 15 49 20797.24
2013 04 02 15 50 20797.01
2013 04 02 15 51 20796.82
2013 04 02 15 52 20796.66
2013 04 02 15 53 20796.72
2013 04 02 15 54 20796.17
2013 04 02 15 55 20796.12
2013 04 02 15 56 20796.22
2013 04 02 15 57 20795.51
2013 04 02 15 58 20795.51
2013 04 02 15 59 20795.02
2013 04 02 16 00 20794.98
2013 04 02 16 01 20794.63
2013 04 02 16 02 20794.80
2013 04 02 16 03 20794.48
2013 04 02 16 04 20794.24
2013 04 02 16 05 20793.98
2013 04 02 16 06 20794.01
2013 04 02 16 07 20793.74
2013 04 02 16 08 20793.80
2013 04 02 16 09 20793.58
2013 04 02 16 10 20793.60
2013 04 02 16 11 20793.47
2013 04 02 16 12 20793.44
2013 04 02 16 13 20793.23
2013 04 02 16 14 20792.84
2013 04 02 16 15 20792.31
2013 04 02 16 16 20792.15
2013 04 02 16 17 20792.06
2013 04 02 16 18 20791.95
2013 04 02 16 19 20791.79
2013 04 02 16 20 20791.61
2013 04 02 16 21 20791.41
2013 04 02 16 22 20791.00
2013 04 02 16 23 20790.63
2013 04 02 16 24 20790.03
2013 04 02 16 25 20789.62
2013 04 02 16 26 20789.51
2013 04 02 16 27 20789.37
2013 04 02 16 28 20789.32
2013 04 02 16 29 20788.98
2013 04 02 16 30 20788.52
2013 04 02 16 31 20787.88
2013 04 02 16 32 20787.55
2013 04 02 16 33 20787.57
2013 04 02 16 34 20787.28
2013 04 02 16 35 20786.96
2013 04 02 16 36 20786.67
2013 04 02 16 37 20786.41
2013 04 02 16 38 20786.17
2013 04 02 16 39 20786.10
2013 04 02 16 40 20785.81
2013 04 02 16 41 20785.67
2013 04 02 16 42 20785.49
2013 04 02 16 43 20785.39
2013 04 02 16 44 20785.25
2013 04 02 16 45 20785.05
2013 04 02 16 46 20784.89
2013 04 02 16 47 20784.72
2013 04 02 16 48 20784.54
2013 04 02 16 49 20784.47
2013 04 02 16 50 20784.28
2013 04 02 16 51 20784.31
2013 04 02 16 52 20784.27
2013 04 02 16 53 20783.99
2013 04 02 16 54 20783.58
2013 04 02 16 55 20783.50
2013 04 02 16 56 20783.47
2013 04 02 16 57 20783.46
2013 04 02 16 58 20783.29
2013 04 02 16 59 20783.29
2013 04 02 17 00 20782.80
2013 04 02 17 01 20782.51
2013 04 02 17 02 20782.13
2013 04 02 17 03 20781.86
2013 04 02 17 04 20781.76
2013 04 02 17 05 20781.77
2013 04 02 17 06 20781.72
2013 04 02 17 07 20781.53
2013 04 02 17 08 20781.08
2013 04 02 17 09 20780.61
2013 04 02 17 10 20780.39
2013 04 02 17 11 20780.17
2013 04 02 17 12 20780.01
2013 04 02 17 13 20779.87
2013 04 02 17 14 20779.70
2013 04 02 17 15 20779.48
2013 04 02 17 16 20779.29
2013 04 02 17 17 20779.07
2013 04 02 17 18 20779.00
2013 04 02 17 19 20778.86
2013 04 02 17 20 20778.73
2013 04 02 17 21 20778.50
2013 04 02 17 22 20778.46
2013 04 02 17 23 20778.28
2013 04 02 17 24 20778.10
2013 04 02 17 25 20778.01
2013 04 02 17 26 20778.09
2013 04 02 17 27 20778.01
2013 04 02 17 28 20777.87
2013 04 02 17 29 20777.66
2013 04 02 17 30 20777.26
2013 04 02 17 31 20777.24
2013 04 02 17 32 20777.21
2013 04 02 17 33 20777.25
2013 04 02 17 34 20777.24
2013 04 02 17 35 20776.94
2013 04 02 17 36 20776.81
2013 04 02 17 37 20776.49
2013 04 02 17 38 20776.53
2013 04 02 17 39 20776.38
2013 04 02 17 40 20776.23
2013 04 02 17 41 20776.10
2013 04 02 17 42 20775.84
2013 04 02 17 43 20775.50
2013 04 02 17 44 20775.40
2013 04 02 17 45 20775.53
2013 04 02 17 46 20775.57
2013 04 02 17 47 20775.35
2013 04 02 17 48 20775.17
2013 04 02 17 49 20775.00
2013 04 02 17 50 20775.23
2013 04 02 17 51 20775.29
2013 04 02 17 52 20775.48
2013 04 02 17 53 20775.91
2013 04 02 17 54 20775.95
2013 04 02 17 55 20775.47
2013 04 02 17 56 20775.33
2013 04 02 17 57 20775.22
2013 04 02 17 58 20775.08
2013 04 02 17 59 20775.20
2013 04 02 18 00 20775.08
2013 04 02 18 01 20775.02
2013 04 02 18 02 20774.95
2013 04 02 18 03 20774.93
2013 04 02 18 04 20775.01
2013 04 02 18 05 20774.98
2013 04 02 18 06 20775.03
2013 04 02 18 07 20774.93
2013 04 02 18 08 20775.00
2013 04 02 18 09 20774.97
2013 04 02 18 10 20775.18
2013 04 02 18 11 20775.22
2013 04 02 18 12 20775.34
2013 04 02 18 13 20775.36
2013 04 02 18 14 20775.32
2013 04 02 18 15 20775.26
2013 04 02 18 16 20774.98
2013 04 02 18 17 20774.91
2013 04 02 18 18 20775.02
2013 04 02 18 19 20774.97
2013 04 02 18 20 20775.03
2013 04 02 18 21 20774.65
2013 04 02 18 22 20774.58
2013 04 02 18 23 20774.40
2013 04 02 18 24 20774.42
2013 04 02 18 25 20774.19
2013 04 02 18 26 20774.12
2013 04 02 18 27 20774.04
2013 04 02 18 28 20774.17
2013 04 02 18 29 20774.02
2013 04 02 18 30 20774.21
2013 04 02 18 31 20774.11
2013 04 02 18 32 20773.65
2013 04 02 18 33 20773.28
2013 04 02 18 34 20773.22
2013 04 02 18 35 20772.59
2013 04 02 18 36 20772.84
2013 04 02 18 37 20773.33
2013 04 02 18 38 20773.43
2013 04 02 18 39 20773.19
2013 04 02 18 40 20773.33
2013 04 02 18 41 20773.46
2013 04 02 18 42 20773.28
2013 04 02 18 43 20773.48
2013 04 02 18 44 20773.76
2013 04 02 18 45 20774.04
2013 04 02 18 46 20774.26
2013 04 02 18 47 20774.48
2013 04 02 18 48 20774.48
2013 04 02 18 49 20774.29
2013 04 02 18 50 20773.99
2013 04 02 18 51 20774.38
2013 04 02 18 52 20774.32
2013 04 02 18 53 20774.20
2013 04 02 18 54 20774.07
2013 04 02 18 55 20774.30
2013 04 02 18 56 20774.35
2013 04 02 18 57 20774.41
2013 04 02 18 58 20774.22
2013 04 02 18 59 20774.39
2013 04 02 19 00 20774.52
2013 04 02 19 01 20775.09
2013 04 02 19 02 20775.24
2013 04 02 19 03 20775.24
2013 04 02 19 04 20775.21
2013 04 02 19 05 20775.56
2013 04 02 19 06 20775.68
2013 04 02 19 07 20775.80
2013 04 02 19 08 20775.67
2013 04 02 19 09 20776.15
2013 04 02 19 10 20776.38
2013 04 02 19 11 20776.66
2013 04 02 19 12 20776.62
2013 04 02 19 13 20776.96
2013 04 02 19 14 20777.16
2013 04 02 19 15 20777.29
2013 04 02 19 16 20777.36
2013 04 02 19 17 20777.37
2013 04 02 19 18 20777.48
2013 04 02 19 19 20777.57
2013 04 02 19 20 20777.74
2013 04 02 19 21 20777.85
2013 04 02 19 22 20777.74
2013 04 02 19 23 20777.71
2013 04 02 19 24 20777.81
2013 04 02 19 25 20778.11
2013 04 02 19 26 20778.46
2013 04 02 19 27 20778.70
2013 04 02 19 28 20779.01
2013 04 02 19 29 20779.37
2013 04 02 19 30 20779.26
2013 04 02 19 31 20779.60
2013 04 02 19 32 20779.71
2013 04 02 19 33 20779.95
2013 04 02 19 34 20779.93
2013 04 02 19 35 20779.72
2013 04 02 19 36 20779.90
2013 04 02 19 37 20780.08
2013 04 02 19 38 20780.38
2013 04 02 19 39 20780.67
2013 04 02 19 40 20780.94
2013 04 02 19 41 20780.90
2013 04 02 19 42 20781.22
2013 04 02 19 43 20781.55
2013 04 02 19 44 20781.86
2013 04 02 19 45 20782.10
2013 04 02 19 46 20782.29
2013 04 02 19 47 20782.47
2013 04 02 19 48 20782.63
2013 04 02 19 49 20782.79
2013 04 02 19 50 20782.97
2013 04 02 19 51 20783.38
2013 04 02 19 52 20783.79
2013 04 02 19 53 20784.15
2013 04 02 19 54 20784.31
2013 04 02 19 55 20784.40
2013 04 02 19 56 20784.64
2013 04 02 19 57 20785.37
2013 04 02 19 58 20785.52
2013 04 02 19 59 20785.50
2013 04 02 20 00 20785.70
2013 04 02 20 01 20786.06
2013 04 02 20 02 20786.29
2013 04 02 20 03 20786.55
2013 04 02 20 04 20786.98
2013 04 02 20 05 20787.47
2013 04 02 20 06 20787.81
2013 04 02 20 07 20788.22
2013 04 02 20 08 20788.54
2013 04 02 20 09 20788.65
2013 04 02 20 10 20789.03
2013 04 02 20 11 20789.42
2013 04 02 20 12 20789.71
2013 04 02 20 13 20789.90
2013 04 02 20 14 20790.23
2013 04 02 20 15 20790.73
2013 04 02 20 16 20790.98
2013 04 02 20 17 20791.00
2013 04 02 20 18 20791.11
2013 04 02 20 19 20791.27
2013 04 02 20 20 20791.75
2013 04 02 20 21 20792.14
2013 04 02 20 22 20792.78
2013 04 02 20 23 20793.07
2013 04 02 20 24 20793.14
2013 04 02 20 25 20793.11
2013 04 02 20 26 20793.22
2013 04 02 20 27 20793.40
2013 04 02 20 28 20793.66
2013 04 02 20 29 20793.75
2013 04 02 20 30 20793.78
2013 04 02 20 31 20793.86
2013 04 02 20 32 20793.98
2013 04 02 20 33 20794.02
2013 04 02 20 34 20793.90
2013 04 02 20 35 20794.02
2013 04 02 20 36 20794.31
2013 04 02 20 37 20794.43
2013 04 02 20 38 20794.63
2013 04 02 20 39 20794.85
2013 04 02 20 40 20795.08
2013 04 02 20 41 20795.19
2013 04 02 20 42 20795.46
2013 04 02 20 43 20795.81
2013 04 02 20 44 20796.07
2013 04 02 20 45 20796.23
2013 04 02 20 46 20796.38
2013 04 02 20 47 20796.66
2013 04 02 20 48 20796.96
2013 04 02 20 49 20797.35
2013 04 02 20 50 20797.74
2013 04 02 20 51 20798.15
2013 04 02 20 52 20798.66
2013 04 02 20 53 20799.03
2013 04 02 20 54 20799.46
2013 04 02 20 55 20799.84
2013 04 02 20 56 20799.94
2013 04 02 20 57 20800.22
2013 04 02 20 58 20800.56
2013 04 02 20 59 20800.60
2013 04 02 21 00 20800.79
2013 04 02 21 01 20800.45
2013 04 02 21 02 20800.91
2013 04 02 21 03 20800.81
2013 04 02 21 04 20800.94
2013 04 02 21 05 20800.91
2013 04 02 21 06 20800.90
2013 04 02 21 07 20800.65
2013 04 02 21 08 20800.47
2013 04 02 21 09 20800.50
2013 04 02 21 10 20800.59
2013 04 02 21 11 20800.48
2013 04 02 21 12 20799.97
2013 04 02 21 13 20799.88
2013 04 02 21 14 20800.01
2013 04 02 21 15 20800.59
2013 04 02 21 16 20800.72
2013 04 02 21 17 20800.89
2013 04 02 21 18 20800.88
2013 04 02 21 19 20800.92
2013 04 02 21 20 20801.13
2013 04 02 21 21 20801.36
2013 04 02 21 22 20801.49
2013 04 02 21 23 20801.88
2013 04 02 21 24 20801.90
2013 04 02 21 25 20801.85
2013 04 02 21 26 20802.12
2013 04 02 21 27 20802.19
2013 04 02 21 28 20802.65
2013 04 02 21 29 20802.87
2013 04 02 21 30 20802.97
2013 04 02 21 31 20802.65
2013 04 02 21 32 20802.66
2013 04 02 21 33 20802.87
2013 04 02 21 34 20803.02
2013 04 02 21 35 20803.09
2013 04 02 21 36 20803.21
2013 04 02 21 37 20803.53
2013 04 02 21 38 20803.65
2013 04 02 21 39 20803.44
2013 04 02 21 40 20803.38
2013 04 02 21 41 20803.56
2013 04 02 21 42 20803.69
2013 04 02 21 43 20804.16
2013 04 02 21 44 20804.61
2013 04 02 21 45 20804.85
2013 04 02 21 46 20804.88
2013 04 02 21 47 20804.99
2013 04 02 21 48 20805.38
2013 04 02 21 49 20805.35
2013 04 02 21 50 20805.26
2013 04 02 21 51 20805.16
2013 04 02 21 52 20805.62
2013 04 02 21 53 20805.71
2013 04 02 21 54 20805.70
2013 04 02 21 55 20805.75
2013 04 02 21 56 20805.80
2013 04 02 21 57 20805.89
2013 04 02 21 58 20805.94
2013 04 02 21 59 20806.17
2013 04 02 22 00 20806.44
2013 04 02 22 01 20806.56
2013 04 02 22 02 20806.81
2013 04 02 22 03 20807.10
2013 04 02 22 04 20807.17
2013 04 02 22 05 20807.36
2013 04 02 22 06 20807.43
2013 04 02 22 07 20807.58
2013 04 02 22 08 20808.04
2013 04 02 22 09 20808.40
2013 04 02 22 10 20807.94
2013 04 02 22 11 20808.03
2013 04 02 22 12 20807.45
2013 04 02 22 13 20806.34
2013 04 02 22 14 20805.76
2013 04 02 22 15 20805.94
2013 04 02 22 16 20804.67
2013 04 02 22 17 20804.43
2013 04 02 22 18 20804.84
2013 04 02 22 19 20804.25
2013 04 02 22 20 20803.54
2013 04 02 22 21 20803.34
2013 04 02 22 22 20803.67
2013 04 02 22 23 20803.40
2013 04 02 22 24 20803.81
2013 04 02 22 25 20804.35
2013 04 02 22 26 20804.38
2013 04 02 22 27 20804.48
2013 04 02 22 28 20804.59
2013 04 02 22 29 20804.70
2013 04 02 22 30 20804.86
2013 04 02 22 31 20805.32
2013 04 02 22 32 20805.26
2013 04 02 22 33 20805.47
2013 04 02 22 34 20805.58
2013 04 02 22 35 20805.74
2013 04 02 22 36 20805.92
2013 04 02 22 37 20806.24
2013 04 02 22 38 20806.62
2013 04 02 22 39 20807.04
2013 04 02 22 40 20807.56
2013 04 02 22 41 20808.13
2013 04 02 22 42 20808.77
2013 04 02 22 43 20809.64
2013 04 02 22 44 20810.11
2013 04 02 22 45 20810.49
2013 04 02 22 46 20811.17
2013 04 02 22 47 20812.01
2013 04 02 22 48 20812.48
2013 04 02 22 49 20813.00
2013 04 02 22 50 20813.45
2013 04 02 22 51 20813.70
2013 04 02 22 52 20814.05
2013 04 02 22 53 20814.24
2013 04 02 22 54 20814.63
2013 04 02 22 55 20814.71
2013 04 02 22 56 20814.71
2013 04 02 22 57 20814.94
2013 04 02 22 58 20815.19
2013 04 02 22 59 20815.49
2013 04 02 23 00 20815.77
2013 04 02 23 01 20816.10
2013 04 02 23 02 20816.27
2013 04 02 23 03 20816.48
2013 04 02 23 04 20816.66
2013 04 02 23 05 20816.80
2013 04 02 23 06 20816.60
2013 04 02 23 07 20816.66
2013 04 02 23 08 20816.83
2013 04 02 23 09 20816.96
2013 04 02 23 10 20817.00
2013 04 02 23 11 20817.06
2013 04 02 23 12 20817.11
2013 04 02 23 13 20817.07
2013 04 02 23 14 20817.00
2013 04 02 23 15 20816.91
2013 04 02 23 16 20817.00
2013 04 02 23 17 20817.21
2013 04 02 23 18 20818.03
2013 04 02 23 19 20817.79
2013 04 02 23 20 20817.95
2013 04 02 23 21 20817.55
2013 04 02 23 22 20817.75
2013 04 02 23 23 20817.88
2013 04 02 23 24 20818.12
2013 04 02 23 25 20818.64
2013 04 02 23 26 20819.14
2013 04 02 23 27 20819.22
2013 04 02 23 28 20819.35
2013 04 02 23 29 20819.79
2013 04 02 23 30 20820.34
2013 04 02 23 31 20821.01
2013 04 02 23 32 20821.33
2013 04 02 23 33 20821.31
2013 04 02 23 34 20821.81
2013 04 02 23 35 20821.29
2013 04 02 23 36 20821.33
2013 04 02 23 37 20821.26
2013 04 02 23 38 20820.98
2013 04 02 23 39 20820.62
2013 04 02 23 40 20820.34
2013 04 02 23 41 20821.21
2013 04 02 23 42 20820.83
2013 04 02 23 43 20821.40
2013 04 02 23 44 20821.19
2013 04 02 23 45 20821.44
2013 04 02 23 46 20821.65
2013 04 02 23 47 20821.72
2013 04 02 23 48 20821.54
2013 04 02 23 49 20821.35
2013 04 02 23 50 20821.61
2013 04 02 23 51 20821.76
2013 04 02 23 52 20821.58
2013 04 02 23 53 20821.42
2013 04 02 23 54 20821.50
2013 04 02 23 55 20821.51
2013 04 02 23 56 20821.29
2013 04 02 23 57 20821.60
2013 04 02 23 58 20821.55
2013 04 02 23 59 20821.31
